0	5.08962111308	73.0042021135	162.247243063	0	82.8438033707	147.107787744	227.330475571
0	5.08962111308	73.0042021135	162.247243063	0	82.8438033707	147.107787744	227.330475571
0	5.08962111308	73.0042021135	162.247243063	0	82.8438033707	147.107787744	227.330475571
0	4.66595374782	72.251049293	161.082725173	0	82.8687448657	147.479153162	228.157113971
0	4.66595374782	72.251049293	161.082725173	0	82.8687448657	147.479153162	228.157113971
0	5.08962111308	73.0042021135	162.247243063	0	82.8438033707	147.107787744	227.330475571
0	5.08962111308	73.0042021135	163.062962604	0	82.8438033707	147.107787744	226.413649185
0	5.08962111308	73.0042021135	162.247243063	0	82.8438033707	147.107787744	227.330475571
0	5.08962111308	73.0042021135	162.247243063	0	82.8438033707	147.107787744	227.330475571
0	5.08962111308	73.0042021135	162.247243063	0	82.8438033707	147.107787744	227.330475571
0	5.08962111308	73.0042021135	162.247243063	0	82.8438033707	147.107787744	227.330475571
0	4.66595374782	72.251049293	161.082725173	0	82.8687448657	147.479153162	228.157113971
0	4.66595374782	72.251049293	161.082725173	0	82.8687448657	147.479153162	228.157113971
0	4.66595374782	72.251049293	161.082725173	0	82.8687448657	147.479153162	228.157113971
0	4.66595374782	72.251049293	161.082725173	0	82.8687448657	147.479153162	228.157113971
0	4.66595374782	72.251049293	161.082725173	0	82.8687448657	147.479153162	228.157113971
0	5.08962111308	73.0042021135	162.247243063	0	82.8438033707	147.107787744	227.330475571
0	5.08962111308	73.0042021135	162.247243063	0	82.8438033707	147.107787744	227.330475571
0	5.08962111308	73.0042021135	162.247243063	0	82.8438033707	147.107787744	227.330475571
0	5.08962111308	73.0042021135	162.247243063	0	82.8438033707	147.107787744	227.330475571
0	5.08962111308	73.0042021135	162.247243063	0	82.8438033707	147.107787744	227.330475571
0	5.08962111308	73.0042021135	162.247243063	0	82.8438033707	147.107787744	227.330475571
0	4.66595374782	72.251049293	160.669037558	0	82.8687448657	147.479153162	228.610277591
0	5.08962111308	73.0042021135	162.247243063	0	82.8438033707	147.107787744	227.330475571
0	5.08962111308	73.0042021135	162.247243063	0	82.8438033707	147.107787744	227.330475571
0	5.08962111308	73.0042021135	162.247243063	0	82.8438033707	147.107787744	227.330475571
0	5.08962111308	73.0042021135	162.247243063	0	82.8438033707	147.107787744	227.330475571
0	5.08962111308	73.0042021135	162.247243063	0	82.8438033707	147.107787744	227.330475571
0	5.08962111308	73.0042021135	162.247243063	0	82.8438033707	147.107787744	227.330475571
0	4.66595374782	72.251049293	161.082725173	0	82.8687448657	147.479153162	228.157113971
0	4.66595374782	72.251049293	161.082725173	0	82.8687448657	147.479153162	228.157113971
0	5.08962111308	73.0042021135	162.247243063	0	82.8438033707	147.107787744	227.330475571
0	5.08962111308	73.0042021135	162.247243063	0	82.8438033707	147.107787744	227.330475571
0	4.66595374782	71.919796794	160.337785059	0	82.8687448657	147.823887815	228.955012244
0	5.08962111308	73.0042021135	162.247243063	0	82.8438033707	147.107787744	227.330475571
0	5.08962111308	73.0042021135	162.247243063	0	82.8438033707	147.107787744	227.330475571
0	5.08962111308	73.0042021135	162.247243063	0	82.8438033707	147.107787744	227.330475571
0	5.08962111308	73.0042021135	162.247243063	0	82.8438033707	147.107787744	227.330475571
0	5.08962111308	73.0042021135	162.247243063	0	82.8438033707	147.107787744	227.330475571
0	5.08962111308	73.0042021135	162.247243063	0	82.8438033707	147.107787744	227.330475571
0	5.08962111308	73.0042021135	162.247243063	0	82.8438033707	147.107787744	227.330475571
0	5.08962111308	73.0042021135	162.247243063	0	82.8438033707	147.107787744	227.330475571
0	5.08962111308	73.0042021135	162.247243063	0	82.8438033707	147.107787744	227.330475571
0	5.08962111308	73.0042021135	162.247243063	0	82.8438033707	147.107787744	227.330475571
0	5.08962111308	73.0042021135	162.247243063	0	82.8438033707	147.107787744	227.330475571
0	5.08962111308	72.6747166582	161.506392538	0	82.8438033707	147.454211667	228.132172476
0	5.08962111308	73.0042021135	162.247243063	0	82.8438033707	147.107787744	227.330475571
0	5.08962111308	73.0042021135	162.247243063	0	82.8438033707	147.107787744	227.330475571
0	5.08962111308	73.0042021135	162.247243063	0	82.8438033707	147.107787744	227.330475571
0	4.66595374782	72.251049293	161.082725173	0	82.8687448657	147.479153162	228.157113971
0	5.08962111308	73.0042021135	162.247243063	0	82.8438033707	147.107787744	227.330475571
0	5.08962111308	73.0042021135	162.247243063	0	82.8438033707	147.107787744	227.330475571
0	5.08962111308	73.0042021135	162.247243063	0	82.8438033707	147.107787744	227.330475571
0	5.08962111308	73.0042021135	162.247243063	0	82.8438033707	147.107787744	227.330475571
0	4.66595374782	72.251049293	161.082725173	0	82.8687448657	147.479153162	228.157113971
0	5.08962111308	73.0042021135	162.247243063	0	82.8438033707	147.107787744	227.330475571
0	5.08962111308	73.0042021135	162.247243063	0	82.8438033707	147.107787744	227.330475571
0	5.08962111308	73.0042021135	162.247243063	0	82.8438033707	147.107787744	227.330475571
0	4.66595374782	72.251049293	161.082725173	0	82.8687448657	147.479153162	228.157113971
0	5.08962111308	73.0042021135	162.247243063	0	82.8438033707	147.107787744	227.330475571
0	5.08962111308	73.0042021135	162.247243063	0	82.8438033707	147.107787744	227.330475571
0	5.08962111308	73.0042021135	162.247243063	0	82.8438033707	147.107787744	227.330475571
0	5.08962111308	72.6747166582	161.506392538	0	82.8438033707	147.454211667	228.132172476
0	5.08962111308	73.0042021135	162.247243063	0	82.8438033707	147.107787744	227.330475571
0	5.08962111308	73.0042021135	162.247243063	0	82.8438033707	147.107787744	227.330475571
0	5.08962111308	73.0042021135	162.247243063	0	82.8438033707	147.107787744	227.330475571
0	5.08962111308	73.0042021135	162.247243063	0	82.8438033707	147.107787744	227.330475571
0	4.66595374782	72.251049293	161.082725173	0	82.8687448657	147.479153162	228.157113971
0	5.08962111308	73.0042021135	162.247243063	0	82.8438033707	147.107787744	227.330475571
0	4.66595374782	72.251049293	161.082725173	0	82.8687448657	147.479153162	228.157113971
0	4.66595374782	72.251049293	161.082725173	0	82.8687448657	147.479153162	228.157113971
0	5.08962111308	73.0042021135	162.247243063	0	82.8438033707	147.107787744	227.330475571
0	4.66595374782	72.251049293	161.082725173	0	82.8687448657	147.479153162	228.157113971
0	5.08962111308	73.0042021135	162.247243063	0	82.8438033707	147.107787744	227.330475571
0	5.08962111308	73.0042021135	162.247243063	0	82.8438033707	147.107787744	227.330475571
0	5.08962111308	73.0042021135	162.247243063	0	82.8438033707	147.107787744	227.330475571
0	5.08962111308	73.0042021135	162.247243063	0	82.8438033707	147.107787744	227.330475571
0	5.08962111308	73.0042021135	162.247243063	0	82.8438033707	147.107787744	227.330475571
0	4.66595374782	72.251049293	161.082725173	0	82.8687448657	147.479153162	228.157113971
0	5.08962111308	73.0042021135	162.247243063	0	82.8438033707	147.107787744	227.330475571
0	5.08962111308	73.0042021135	162.247243063	0	82.8438033707	147.107787744	227.330475571
0	5.08962111308	73.0042021135	162.247243063	0	82.8438033707	147.107787744	227.330475571
0	4.66595374782	72.251049293	161.082725173	0	82.8687448657	147.479153162	228.157113971
0	5.08962111308	73.0042021135	162.247243063	0	82.8438033707	147.107787744	227.330475571
0	4.66595374782	72.251049293	161.082725173	0	82.8687448657	147.479153162	228.157113971
0	4.66595374782	72.251049293	161.082725173	0	82.8687448657	147.479153162	228.157113971
0	4.24216438903	71.4960074352	159.079696159	0	82.8915197188	147.846662668	229.877738911
0	3.39426401441	71.962480382	160.794156262	0	82.930567174	146.496672168	227.174632978
0	3.39426401441	72.2866132044	161.529654154	0	82.930567174	146.145234958	226.367922785
0	3.39426401441	72.2866132044	160.70460147	0	82.930567174	146.145234958	227.276359387
0	2.1217755934	70.689991961	158.273680685	0	82.9728754975	146.538980492	228.570056735
0	1.69748704832	71.232689788	159.650678053	0	82.982639978	145.489484243	226.620608672
0	1.69748704832	71.868271264	161.111312213	0	82.982639978	144.775123684	224.997811511
0	1.69748704832	71.868271264	161.111312213	0	82.982639978	144.775123684	224.997811511
0	1.27315412165	71.4439383374	159.861926603	0	82.9902348387	144.782718545	225.913842974
0	1.27315412165	71.7589812461	160.590657126	0	82.9902348387	144.423110195	225.101071005
0	0.424399501952	71.2234266503	160.05510253	0	82.9989149632	144.070575779	224.748536589
0	5.08228421646e-15	71.1103760987	159.11236502	0	83.0	143.708849529	225.291016366
0	5.08228421646e-15	71.4198658352	159.8378541	0	83.0	143.34445098	224.475575409
0	5.08228421646e-15	71.727488266	160.145476531	0	83.0	142.978474698	224.109599127
0	-0.84878790778	71.4883111801	160.731352129	0	82.995659881	142.237487128	222.460174954
0	-0.84878790778	71.7902836327	160.208271898	0	82.995659881	141.86683522	222.997959649
0	-1.69748704832	70.6396120396	158.641600961	0	82.982639978	142.224467225	223.806634063
0	-1.69748704832	70.9415844921	158.943573413	0	82.982639978	141.853815317	223.435982154
0	-1.69748704832	70.9415844921	158.943573413	0	82.982639978	141.853815317	223.435982154
0	-1.69748704832	71.5398240046	159.95781227	0	82.982639978	141.107903588	222.239028017
0	-2.1217755934	71.1155354595	159.11752438	0	82.9728754975	141.098139108	222.680305945
0	-2.54600866366	71.2818826572	160.113558537	0	82.9609416526	140.334214726	221.012175535
0	-2.54600866366	71.574281242	160.405957122	0	82.9609416526	139.955964455	220.633925265
0	-2.54600866366	71.8647419173	160.696417797	0	82.9609416526	139.576224024	220.254184833
0	-2.97017516734	71.4405754136	159.858563679	0	82.9468387552	139.562121126	220.693245556
0	-4.24216438903	70.1685861919	158.170575113	0	82.8915197188	139.50680209	221.088968928
0	-4.24216438903	70.4571013634	158.459090284	0	82.8915197188	139.125581426	220.707748263
0	-4.24216438903	70.7436634878	159.161651753	0	82.8915197188	138.742890495	219.874014924
0	-4.66595374782	70.604475714	159.022463979	0	82.8687448657	138.335964452	219.467088881
0	-4.66595374782	70.604475714	159.022463979	0	82.8687448657	138.335964452	219.467088881
0	-5.08962111308	70.4634419533	158.881430219	0	82.8438033707	137.92542155	219.056545979
0	-5.08962111308	71.0227757144	159.44076398	0	82.8438033707	137.149908453	218.281032882
0	-5.51315540783	70.5992414197	159.017229685	0	82.8166958858	137.122800968	218.253925397
0	-5.93654555856	70.1758512689	157.759539993	0	82.7874231199	137.093528202	219.124604445
0	-6.35978049554	70.0293018644	158.031290785	0	82.7559858382	136.672199505	218.254366343
0	-6.35978049554	70.3039901688	158.30597909	0	82.7559858382	136.280898426	217.863065264
0	-6.35978049554	70.3039901688	157.887678893	0	82.7559858382	136.280898426	218.311974669
0	-6.78284915309	70.692931499	159.110919764	0	82.7223848627	135.065038715	216.196163144
0	-6.78284915309	70.9595595972	159.377547862	0	82.7223848627	134.66820165	215.799326079
0	-7.2057404699	70.5366682804	158.954656546	0	82.6866210719	134.632437859	215.763562288
0	-7.2057404699	70.8012637671	159.219252032	0	82.6866210719	134.234242646	215.365367075
0	-7.2057404699	70.8012637671	159.219252032	0	82.6866210719	134.234242646	215.365367075
0	-7.62844338926	70.3785608477	158.796549113	0	82.6486954008	134.196316975	215.327441404
0	-7.62844338926	70.641116805	158.643105726	0	82.6486954008	133.796774026	215.378940863
0	-8.47323983382	70.0568299235	158.058818845	0	82.5663624409	133.313560826	214.895727663
0	-8.47323983382	70.3152862814	158.733274547	0	82.5663624409	132.911353777	214.042478206
0	-8.47323983382	70.5716826765	158.989670942	0	82.5663624409	132.507830434	213.638954863
0	-8.89531127142	70.1496112389	158.567599504	0	82.5219573046	132.463425298	213.594549727
0	-8.89531127142	70.9063738823	159.738049762	0	82.5219573046	131.245063185	211.923023994
0	-8.89531127142	70.9063738823	159.738049762	0	82.5219573046	131.245063185	211.923023994
0	-8.89531127142	71.4004610424	161.05253376	0	82.5219573046	130.426434637	210.191752022
0	-9.73874540126	70.3110298018	159.142705682	0	82.4266755244	130.741098733	211.419059542
0	-9.73874540126	70.5570269126	159.800067862	0	82.4266755244	130.331152857	210.553840684
0	-9.73874540126	70.5570269126	159.388702793	0	82.4266755244	130.331152857	211.009113666
0	-9.73874540126	70.5570269126	159.388702793	0	82.4266755244	130.331152857	211.009113666
0	-10.1600860415	70.86105593	159.69273181	0	82.3758013717	129.042969205	209.720930015
0	-10.1600860415	71.0986175188	160.341658468	0	82.3758013717	128.628078026	208.850765853
0	-11.0019593923	70.0191825793	158.437170845	0	82.2675931915	128.934761025	210.065885454
0	-11.0019593923	70.256744168	158.674732433	0	82.2675931915	128.519869846	209.650994275
0	-11.4224700917	69.8362334686	157.83822239	0	82.2102619933	128.462538648	210.044705485
0	-11.4224700917	70.0716705107	158.489658776	0	82.2102619933	128.046438181	209.17756261
0	-11.4224700917	70.7651730794	159.596848959	0	82.2102619933	126.790990004	207.468950813
0	-11.4224700917	70.7651730794	159.596848959	0	82.2102619933	126.790990004	207.468950813
0	-11.8426821452	70.1159343345	158.117923255	0	82.1507813694	127.151172309	208.733339147
0	-12.2625845663	69.9250586047	157.927047526	0	82.0891528751	126.669880886	208.252047724
0	-12.2625845663	69.9250586047	157.927047526	0	82.0891528751	126.669880886	208.252047724
0	-12.2625845663	69.9250586047	157.927047526	0	82.0891528751	126.669880886	208.252047724
0	-12.2625845663	70.376659553	158.794647818	0	82.0891528751	125.827069279	206.958193708
0	-12.6821663765	70.4000361815	159.231712062	0	82.0253781217	124.915908756	205.593869566
0	-12.6821663765	70.4000361815	159.231712062	0	82.0253781217	124.915908756	205.593869566
0	-13.1014166054	70.1990097187	158.616997984	0	81.9594587765	124.424608891	205.55573332
0	-13.5203242918	69.5618782662	157.563867187	0	81.891396563	124.781927198	206.364094035
0	-13.5203242918	69.7801020323	158.198090298	0	81.891396563	124.356546677	205.487671106
0	-13.9388784829	69.3615478412	157.363536762	0	81.8211932609	124.286343375	205.868510213
0	-13.9388784829	69.7914559395	158.62313182	0	81.8211932609	123.432262672	204.110223481
0	-13.9388784829	70.2126074206	159.45564837	0	81.8211932609	122.573830234	202.79651806
0	-13.9388784829	70.2126074206	159.45564837	0	81.8211932609	122.573830234	202.79651806
0	-14.3570682356	69.5849392788	157.5869282	0	81.7488507056	122.931242264	204.513409102
0	-14.3570682356	70.2067684874	158.624756753	0	81.7488507056	121.638793281	202.76991771
0	-14.3570682356	70.2067684874	158.624756753	0	81.7488507056	121.638793281	202.76991771
0	-14.3570682356	70.2067684874	158.624756753	0	81.7488507056	121.638793281	202.76991771
0	-14.3570682356	70.6102755209	159.85331647	0	81.7488507056	120.771927147	200.994614974
0	-15.1923107003	69.3715260227	156.955214746	0	81.5977554568	121.487698033	203.518774275
0	-15.6093415745	69.358002182	157.359991103	0	81.5190067138	120.542083155	202.124249993
0	-16.0259643352	69.1398032949	157.55779156	0	81.4381266185	120.026233905	201.157358334
0	-15.6093415745	69.5564260556	157.558414977	0	81.5190067138	120.107114001	201.689280838
0	-15.6093415745	69.5564260556	157.558414977	0	81.5190067138	120.107114001	201.689280838
0	-16.0259643352	69.1398032949	156.723492019	0	81.4381266185	120.026233905	202.057310148
0	-16.0259643352	69.3360004699	156.919689194	0	81.4381266185	119.590255846	201.621332089
0	-16.0259643352	69.5299658164	157.531954737	0	81.4381266185	119.153280282	200.73544712
0	-16.0259643352	69.7216942634	157.305382987	0	81.4381266185	118.715318638	200.746394881
0	-16.0259643352	70.2834083712	159.115084251	0	81.4381266185	117.395631858	198.073592667
0	-16.0259643352	70.466139678	159.709180627	0	81.4381266185	116.953840653	197.176528479
0	-15.6093415745	71.0632323692	159.894908249	0	81.5190067138	116.592000968	197.269961778
0	-16.0259643352	70.466139678	158.468128599	0	81.4381266185	116.953840653	198.536007491
0	-16.8579419558	69.6341620573	157.636150978	0	81.2699808848	116.785694919	198.367861757
0	-16.8579419558	69.8146319878	158.232620253	0	81.2699808848	116.342975139	197.474099568
0	-16.8579419558	69.9928358234	158.824511704	0	81.2699808848	115.89933836	196.577299169
0	-17.2732750634	69.3992988803	157.817287146	0	81.1827196427	116.255713897	197.386838326
0	-17.2732750634	69.3992988803	157.817287146	0	81.1827196427	116.255713897	197.386838326
0	-17.2732750634	69.9270935252	159.170134475	0	81.1827196427	114.922098979	195.144786806
0	-17.2732750634	70.2675648171	159.510605766	0	81.1827196427	114.028592337	194.251280163
0	-17.2732750634	70.2675648171	159.099240697	0	81.1827196427	114.028592337	194.706553146
0	-18.1025755776	69.097793011	156.681481735	0	81.0018318154	114.741211152	196.772287395
0	-18.1025755776	69.4382643028	157.440253224	0	81.0018318154	113.847704509	195.429871347
0	-18.5165213019	68.8552251201	156.438913844	0	80.9082099596	114.201271206	196.232347449
0	-18.5165213019	69.355634746	157.773623011	0	80.9082099596	112.857140951	193.98826538
0	-18.5165213019	69.355634746	157.773623011	0	80.9082099596	112.857140951	193.98826538
0	-18.5165213019	69.6777611397	158.50943702	0	80.9082099596	111.956857991	192.634818801
0	-18.5165213019	69.6777611397	158.50943702	0	80.9082099596	111.956857991	192.634818801
0	-18.5165213019	69.6777611397	158.095749405	0	80.9082099596	111.956857991	193.08798242
0	-18.9299829032	69.1043871914	157.106376112	0	80.812472721	112.311674013	193.893840851
0	-19.3429495712	68.8513328705	156.853321791	0	80.7146226026	111.763270634	193.345437472
0	-19.3429495712	68.8513328705	156.435021594	0	80.7146226026	111.763270634	193.794346877
0	-19.3429495712	69.3172182056	157.735206471	0	80.7146226026	110.40678739	191.537911819
0	-19.3429495712	69.3172182056	157.319207127	0	80.7146226026	110.40678739	191.988954228
0	-19.7554105088	68.9047572681	156.906746189	0	80.6146621628	110.306826951	191.888993788
0	-19.7554105088	68.9047572681	156.488445992	0	80.6146621628	110.306826951	192.337903193
0	-19.7554105088	69.2037639518	157.205752873	0	80.6146621628	109.398603507	190.980770344
0	-19.7554105088	69.3497804143	157.76776868	0	80.6146621628	108.943356989	190.074481418
0	-19.7554105088	69.3497804143	157.76776868	0	80.6146621628	108.943356989	190.074481418
0	-19.7554105088	69.3497804143	157.76776868	0	80.6146621628	108.943356989	190.074481418
0	-20.167354932	68.9378359912	157.355824256	0	80.5125940151	108.841288841	189.97241327
0	-20.5787720703	68.811458931	157.643134811	0	80.4084208282	107.82441254	188.502373349
0	-20.5787720703	68.950475094	157.782150974	0	80.4084208282	107.366979807	188.044940616
0	-20.5787720703	69.0871504732	157.505138739	0	80.4084208282	106.908842229	188.039966658
0	-20.5787720703	69.0871504732	157.089139394	0	80.4084208282	106.908842229	188.491009067
0	-20.989651167	68.5395959973	156.123284721	0	80.3021453256	107.260704304	189.291780547
0	-20.989651167	68.6762713765	156.2599601	0	80.3021453256	106.802566726	188.833642969
0	-20.989651167	68.8106023984	156.812591319	0	80.3021453256	106.343736283	187.925903121
0	-20.989651167	68.8106023984	156.812591319	0	80.3021453256	106.343736283	187.925903121
0	-20.989651167	68.9425855508	156.944574472	0	80.3021453256	105.88422497	187.466391808
0	-20.989651167	69.3244135911	158.56745454	0	80.3021453256	104.501726043	184.724413869
0	-20.989651167	69.3244135911	158.156089471	0	80.3021453256	104.501726043	185.179686852
0	-21.3999814795	68.7891641931	156.791153114	0	80.193770286	104.85483277	186.436999608
0	-21.8097522795	68.5043124786	156.5063014	0	80.0832985429	104.28287926	185.865046098
0	-21.8097522795	68.5043124786	156.922300744	0	80.0832985429	104.28287926	185.414003689
0	-21.8097522795	68.5043124786	155.667411089	0	80.0832985429	104.28287926	186.760720167
0	-21.8097522795	68.7470635352	156.749052456	0	80.0832985429	103.35802968	184.940196518
0	-21.8097522795	68.8648891595	156.866878081	0	80.0832985429	102.894686048	184.476852886
0	-21.8097522795	68.9803440532	157.398332318	0	80.0832985429	102.430746001	183.56187043
0	-22.2189528533	68.5711434793	156.5731324	0	79.9707329846	102.318180443	183.900347281
0	-22.6275725023	68.0470689367	155.210167547	0	79.8560765543	102.667464059	185.145304966
0	-22.6275725023	68.1625238303	155.746212554	0	79.8560765543	102.203524013	184.234600256
0	-22.6275725023	68.1625238303	155.32562244	0	79.8560765543	102.203524013	184.68136492
0	-22.6275725023	68.1625238303	155.32562244	0	79.8560765543	102.203524013	184.68136492
0	-22.6275725023	68.4946342508	156.912622516	0	79.8560765543	100.808246762	181.939371192
0	-22.6275725023	68.6005766563	157.018564922	0	79.8560765543	100.342042509	181.473166938
0	-22.6275725023	68.6005766563	156.18426538	0	79.8560765543	100.342042509	182.373118752
0	-22.6275725023	68.8053031522	156.807292073	0	79.8560765543	99.4080393598	180.990206198
0	-22.6275725023	68.8053031522	157.223291417	0	79.8560765543	99.4080393598	180.539163789
0	-22.6275725023	68.90408189	157.322070155	0	79.8560765543	98.940264884	180.071389313
0	-22.6275725023	69.0004674901	157.83214337	0	79.8560765543	98.4719914432	179.149952252
0	-22.6275725023	69.0004674901	157.002456411	0	79.8560765543	98.4719914432	180.054158281
0	-22.6275725023	69.0944574323	157.512445698	0	79.8560765543	98.0032312807	179.13435571
0	-23.0356005429	68.6864293918	156.688418313	0	79.7393322497	97.8864869761	179.468653814
0	-23.0356005429	68.6864293918	156.688418313	0	79.7393322497	97.8864869761	179.468653814
0	-23.0356005429	68.7780212188	156.78001014	0	79.7393322497	97.4172523477	178.999419185
0	-23.0356005429	68.9540010113	157.785676891	0	79.7393322497	96.4774087791	177.155369588
0	-23.0356005429	68.9540010113	157.785676891	0	79.7393322497	96.4774087791	177.155369588
0	-23.0356005429	69.0383843756	157.870060256	0	79.7393322497	96.0068244114	176.684785221
0	-23.443026307	68.7129346586	157.544610539	0	79.6205031231	95.416985596	176.094946405
0	-23.8498391422	68.2241457763	156.226134697	0	79.4995922813	95.767084443	177.349251281
0	-23.8498391422	68.2241457763	155.8078345	0	79.4995922813	95.767084443	177.798160686
0	-23.8498391422	68.3061218233	156.308110744	0	79.4995922813	95.2960747542	176.878241592
0	-23.8498391422	68.3856884099	156.803676675	0	79.4995922813	94.824652059	175.955776488
0	-23.8498391422	68.4628434555	156.464832377	0	79.4995922813	94.352828683	175.934995521
0	-23.8498391422	68.4628434555	156.464832377	0	79.4995922813	94.352828683	175.934995521
0	-23.8498391422	68.5375849431	156.539573864	0	79.4995922813	93.8806169622	175.4627838
0	-23.8498391422	68.5375849431	156.121273667	0	79.4995922813	93.8806169622	175.911693205
0	-23.8498391422	68.6798194906	157.097807756	0	79.4995922813	92.9350778808	174.06620231
0	-23.8498391422	68.6798194906	157.097807756	0	79.4995922813	92.9350778808	174.06620231
0	-23.8498391422	68.8123771772	157.644053057	0	79.4995922813	91.9881337005	172.66609451
0	-23.8498391422	68.8750228258	157.706698706	0	79.4995922813	91.5141656405	172.19212645
0	-23.8498391422	68.8750228258	157.293011091	0	79.4995922813	91.5141656405	172.64529007
0	-24.6615834972	67.9355644767	155.5192532	0	79.2515381517	92.2137211123	174.244797355
0	-25.0664937935	67.5306541804	154.693752791	0	79.1244013494	92.08658431	174.564425217
0	-25.0664937935	67.6583681746	154.821466785	0	79.1244013494	91.1389747086	173.616815616
0	-25.0664937935	67.6583681746	154.821466785	0	79.1244013494	91.1389747086	173.616815616
0	-25.0664937935	67.6583681746	154.821466785	0	79.1244013494	91.1389747086	173.616815616
0	-25.0664937935	67.7763848933	155.778373814	0	79.1244013494	90.190108609	171.772275447
0	-25.0664937935	67.8317528777	156.249741143	0	79.1244013494	89.715235378	170.846359807
0	-25.0664937935	67.8846919942	156.302680259	0	79.1244013494	89.2400852447	170.371209674
0	-25.0664937935	67.8846919942	156.302680259	0	79.1244013494	89.2400852447	170.371209674
0	-25.0664937935	67.9352008586	155.93718978	0	79.1244013494	88.7646706321	170.34683747
0	-25.0664937935	67.9352008586	155.518889582	0	79.1244013494	88.7646706321	170.795746875
0	-25.0664937935	68.0721330516	156.490121317	0	79.1244013494	87.3369642508	168.46808868
0	-25.0664937935	68.0721330516	156.490121317	0	79.1244013494	87.3369642508	168.46808868
0	-25.0664937935	68.0721330516	156.074121973	0	79.1244013494	87.3369642508	168.919131089
0	-25.0664937935	68.0721330516	155.655821775	0	79.1244013494	87.3369642508	169.368040494
0	-25.0664937935	68.1129083379	156.114897259	0	79.1244013494	86.8606160848	168.442782923
0	-25.4707487147	67.7086534168	155.710642338	0	78.9951958028	86.7314105381	168.313577376
0	-25.8743376912	67.3050644402	154.46816305	0	78.8639248899	86.6001396253	169.077980532
0	-25.8743376912	67.3434035076	154.927092231	0	78.8639248899	86.1235891923	168.154665435
0	-25.8743376912	67.3793053538	154.962994078	0	78.8639248899	85.6468489521	167.677925195
0	-25.8743376912	67.3793053538	154.542403964	0	78.8639248899	85.6468489521	168.124689859
0	-25.8743376912	67.41276904	154.996457764	0	78.8639248899	85.1699313691	167.201007612
0	-25.8743376912	67.41276904	154.996457764	0	78.8639248899	85.1699313691	167.201007612
0	-25.8743376912	67.4723784967	155.474367418	0	78.8639248899	84.2156140563	165.797780894
0	-25.8743376912	67.4723784967	155.474367418	0	78.8639248899	84.2156140563	165.797780894
0	-25.8743376912	67.5222256436	155.524214565	0	78.8639248899	83.2607370575	164.842903895
0	-25.8743376912	67.5222256436	155.524214565	0	78.8639248899	83.2607370575	164.842903895
0	-25.8743376912	67.543486682	155.545475603	0	78.8639248899	82.7831198808	164.365286719
0	-25.8743376912	67.543486682	155.545475603	0	78.8639248899	82.7831198808	164.365286719
0	-25.8743376912	67.5623052678	155.564294189	0	78.8639248899	82.3054002349	163.887567073
0	-26.2772501712	67.140574202	154.303672812	0	78.730592043	82.6497870339	165.127627941
0	-26.2772501712	67.140574202	153.880803779	0	78.730592043	82.6497870339	165.572236184
0	-26.2772501712	67.1757684291	154.759457153	0	78.730592043	81.6942577632	163.725334006
0	-26.2772501712	67.1757684291	154.759457153	0	78.730592043	81.6942577632	163.725334006
0	-26.2772501712	67.1757684291	153.915998006	0	78.730592043	81.6942577632	164.616706913
0	-26.2772501712	67.1897006976	154.352799308	0	78.730592043	81.2163706519	163.694211559
0	-26.2772501712	67.1897006976	153.929930274	0	78.730592043	81.2163706519	164.138819802
0	-26.2772501712	67.2102337234	154.793922447	0	78.730592043	80.2604139501	162.291490193
0	-26.2772501712	67.2102337234	154.793922447	0	78.730592043	80.2604139501	162.291490193
0	-26.2772501712	67.2168339438	154.379932554	0	78.730592043	79.7823693535	162.260210261
0	-26.2772501712	67.2209897178	155.222978639	0	78.730592043	79.3042972577	160.886464095
0	-26.2772501712	67.2219675559	155.639955821	0	78.730592043	78.3481205666	159.479244996
0	-26.2772501712	67.2219675559	155.639955821	0	78.730592043	78.3481205666	159.479244996
0	-26.2772501712	67.2219675559	155.639955821	0	78.730592043	78.3481205666	159.479244996
0	-26.2772501712	67.2187895944	154.802478318	0	78.730592043	77.8700409709	159.901117214
0	-26.2772501712	67.2187895944	154.802478318	0	78.730592043	77.8700409709	159.901117214
0	-26.2772501712	67.2131671355	154.376265746	0	78.730592043	77.3919838747	159.869824782
0	-26.2772501712	67.205100326	154.78878905	0	78.730592043	76.9139617771	158.94503802
0	-26.2772501712	67.1945893769	155.196578298	0	78.730592043	76.4359871761	158.018154014
0	-26.2772501712	67.1816345631	154.765323287	0	78.730592043	75.9580725686	157.989148811
0	-26.2772501712	67.1945893769	154.357687987	0	78.730592043	76.4359871761	158.913828083
0	-26.2772501712	67.1662362231	155.168225144	0	78.730592043	75.48023045	157.062397288
0	-26.2772501712	67.1483947597	155.566383025	0	78.730592043	75.0024733136	156.133597743
0	-26.2772501712	67.1483947597	154.732083483	0	78.730592043	75.0024733136	157.033549556
0	-26.2772501712	67.1483947597	154.732083483	0	78.730592043	75.0024733136	157.033549556
0	-26.2772501712	67.1281106392	154.711799363	0	78.730592043	74.5248136505	156.555889893
0	-26.2772501712	67.1053843921	155.107373313	0	78.730592043	74.0472639495	155.629430787
0	-26.2772501712	67.0225591516	156.265600101	0	78.730592043	72.61539946	152.838087287
0	-26.2772501712	67.0225591516	156.265600101	0	78.730592043	72.61539946	152.838087287
0	-26.2772501712	67.0225591516	155.024548073	0	78.730592043	72.61539946	154.197566298
0	-26.2772501712	67.0225591516	154.606247875	0	78.730592043	72.61539946	154.646475703
0	-26.2772501712	67.0225591516	154.606247875	0	78.730592043	72.61539946	154.646475703
0	-26.2772501712	66.990070978	154.573759702	0	78.730592043	72.1384144311	154.169490674
0	-26.2772501712	66.9551442867	154.53883301	0	78.730592043	71.6616017577	153.692678
0	-26.2772501712	66.9551442867	154.53883301	0	78.730592043	71.6616017577	153.692678
0	-26.2772501712	66.9551442867	154.53883301	0	78.730592043	71.6616017577	153.692678
0	-26.2772501712	66.8779790679	154.879967989	0	78.730592043	70.7085433388	152.290710177
0	-26.2772501712	66.8779790679	154.461667792	0	78.730592043	70.7085433388	152.739619582
0	-26.2772501712	66.8357425579	154.419431282	0	78.730592043	70.2323225114	152.263398754
0	-26.2772501712	66.8357425579	154.419431282	0	78.730592043	70.2323225114	152.263398754
0	-26.2772501712	66.8357425579	153.998841168	0	78.730592043	70.2323225114	152.710163418
0	-26.2772501712	66.7910715654	154.374760289	0	78.730592043	69.7563238752	151.787400118
0	-26.2772501712	66.6944308679	154.696419789	0	78.730592043	68.8050429512	150.387209789
0	-26.2772501712	66.6944308679	154.696419789	0	78.730592043	68.8050429512	150.387209789
0	-26.2772501712	66.6944308679	154.278119592	0	78.730592043	68.8050429512	150.836119194
0	-26.2772501712	66.5880670823	154.171755806	0	78.730592043	67.8548000527	149.885876295
0	-26.2772501712	66.5880670823	153.751165692	0	78.730592043	67.8548000527	150.33264096
0	-26.2772501712	66.5312424679	154.114931192	0	78.730592043	67.3800989232	149.411175166
0	-26.2772501712	66.5880670823	153.328296659	0	78.730592043	67.8548000527	150.777249202
0	-26.2772501712	66.4719913322	153.635089942	0	78.730592043	66.9056945575	149.383535465
0	-26.2772501712	66.4103152245	153.573413835	0	78.730592043	66.4315993593	148.909440266
0	-26.2772501712	66.4103152245	153.573413835	0	78.730592043	66.4315993593	148.909440266
0	-26.2772501712	66.4103152245	153.573413835	0	78.730592043	66.4315993593	148.909440266
0	-26.2772501712	66.3462157571	153.929904481	0	78.730592043	65.957825724	147.988901967
0	-26.2772501712	66.3462157571	153.509314367	0	78.730592043	65.957825724	148.435666631
0	-26.2772501712	66.2107535105	154.212742432	0	78.730592043	65.0112926814	146.593459519
0	-26.2772501712	66.2107535105	153.373852121	0	78.730592043	65.0112926814	147.489133588
0	-26.2772501712	66.2107535105	153.373852121	0	78.730592043	65.0112926814	147.489133588
0	-26.2772501712	66.0656187595	153.649307483	0	78.730592043	64.0661944194	146.097270662
0	-26.2772501712	66.0656187595	153.649307483	0	78.730592043	64.0661944194	146.097270662
0	-26.2772501712	66.0656187595	153.22871737	0	78.730592043	64.0661944194	146.544035326
0	-26.2772501712	65.9894288985	152.729658475	0	78.730592043	63.5942142246	146.516663374
0	-26.2772501712	65.9894288985	152.729658475	0	78.730592043	63.5942142246	146.516663374
0	-26.2772501712	65.746393467	153.330082191	0	78.730592043	62.1806974345	144.211773677
0	-26.2772501712	65.8298141656	152.570043742	0	78.730592043	62.6514534076	145.573902557
0	-26.2772501712	65.746393467	152.909492077	0	78.730592043	62.1806974345	144.658538341
0	-26.2772501712	65.746393467	152.061486147	0	78.730592043	62.1806974345	145.545586781
0	-26.2772501712	65.746393467	152.061486147	0	78.730592043	62.1806974345	145.545586781
0	-26.2772501712	65.6605667674	151.975659447	0	78.730592043	61.710374166	145.075263512
0	-26.2772501712	65.6605667674	151.975659447	0	78.730592043	61.710374166	145.075263512
0	-26.2772501712	65.5723363106	151.88742899	0	78.730592043	61.2404958991	144.605385245
0	-26.2772501712	65.4817044037	151.796797083	0	78.730592043	60.7710749188	144.135964265
0	-25.8743376912	65.6961582602	152.436387837	0	78.8639248899	59.9669867461	142.889435896
0	-25.8743376912	65.6961582602	152.436387837	0	78.8639248899	59.9669867461	142.889435896
0	-25.4707487147	66.0019254476	153.165024058	0	78.9951958028	59.6302821288	142.108123036
0	-25.8743376912	65.5983364711	152.338566048	0	78.8639248899	59.4990112159	142.421460366
0	-25.8743376912	65.3955207259	152.135750303	0	78.8639248899	58.5645912919	141.487040442
0	-25.8743376912	65.4981230863	151.38582212	0	78.8639248899	59.0315419905	142.83669192
0	-25.8743376912	65.4981230863	151.38582212	0	78.8639248899	59.0315419905	142.83669192
0	-25.4707487147	65.6941210491	152.434350626	0	78.9951958028	58.2294422418	141.151891391
0	-25.4707487147	65.4769959057	152.640094516	0	78.9951958028	57.2982432872	139.776084194
0	-25.4707487147	65.4769959057	152.217225482	0	78.9951958028	57.2982432872	140.220692437
0	-25.4707487147	65.3648650926	152.105094669	0	78.9951958028	56.8334886423	139.755937792
0	-25.4707487147	65.3648650926	151.679957772	0	78.9951958028	56.8334886423	140.198377989
0	-25.0664937935	65.5377365628	152.700835173	0	79.1244013494	56.0349353197	138.512776227
0	-25.0664937935	65.5377365628	152.27796614	0	79.1244013494	56.0349353197	138.957384469
0	-25.0664937935	65.5377365628	151.425435597	0	79.1244013494	56.0349353197	139.840085249
0	-25.0664937935	65.5377365628	151.425435597	0	79.1244013494	56.0349353197	139.840085249
0	-25.0664937935	65.5377365628	151.425435597	0	79.1244013494	56.0349353197	139.840085249
0	-25.0664937935	65.4184899747	151.733582654	0	79.1244013494	55.571955352	138.936844698
0	-24.6615834972	65.5778129583	152.740911568	0	79.2515381517	54.7749916767	137.252832584
0	-24.6615834972	65.4514786547	152.614577265	0	79.2515381517	54.3138953278	136.791736235
0	-24.6615834972	65.4514786547	151.766571334	0	79.2515381517	54.3138953278	137.678784674
0	-24.6615834972	65.3227883031	151.210487337	0	79.2515381517	53.8534509852	137.658600914
0	-24.6615834972	65.058352976	151.798582553	0	79.2515381517	52.9345664556	135.857015605
0	-23.8498391422	65.5962789871	153.179967711	0	79.4995922813	52.2664883156	134.297564558
0	-23.8498391422	65.5962789871	152.759377597	0	79.4995922813	52.2664883156	134.744329223
0	-23.8498391422	65.4558600944	152.618958704	0	79.4995922813	51.8094842305	134.287325138
0	-23.443026307	65.7199190978	152.883017708	0	79.6205031231	51.4741149579	133.951955865
0	-23.443026307	65.5748340593	153.158522783	0	79.6205031231	51.018570744	133.049646987
0	-23.443026307	65.5748340593	153.158522783	0	79.6205031231	51.018570744	133.049646987
0	-23.443026307	65.4274216073	152.590520217	0	79.6205031231	50.563774341	133.041615248
0	-23.443026307	65.4274216073	152.590520217	0	79.6205031231	50.563774341	133.041615248
0	-23.443026307	65.277685596	152.017915173	0	79.6205031231	50.1097376396	133.032186789
0	-23.443026307	65.277685596	151.592778276	0	79.6205031231	50.1097376396	133.474626986
0	-23.443026307	65.277685596	151.592778276	0	79.6205031231	50.1097376396	133.474626986
0	-23.0356005429	65.2220014231	152.385100033	0	79.7393322497	48.8711334813	131.348974388
0	-23.0356005429	65.2220014231	151.962231	0	79.7393322497	48.8711334813	131.793582631
0	-23.0356005429	65.2220014231	151.537094103	0	79.7393322497	48.8711334813	132.236022828
0	-23.0356005429	65.2220014231	151.537094103	0	79.7393322497	48.8711334813	132.236022828
0	-23.0356005429	65.2220014231	151.109700457	0	79.7393322497	48.8711334813	132.67628341
0	-22.6275725023	64.9802641441	152.143362754	0	79.8560765543	47.1893203926	129.6671613
0	-22.6275725023	64.9802641441	152.143362754	0	79.8560765543	47.1893203926	129.6671613
0	-22.6275725023	64.9802641441	151.720493721	0	79.8560765543	47.1893203926	130.111769542
0	-22.6275725023	64.9802641441	150.867963178	0	79.8560765543	47.1893203926	130.994470322
0	-22.2189528533	65.0502407082	151.790470285	0	79.9707329846	46.4097756812	129.332224831
0	-22.2189528533	65.0502407082	151.790470285	0	79.9707329846	46.4097756812	129.332224831
0	-21.8097522795	65.2866949706	152.026924547	0	80.0832985429	46.0765510297	128.999000179
0	-21.8097522795	65.1116714819	152.274770092	0	80.0832985429	45.6316499422	128.109490849
0	-21.8097522795	64.9343753921	152.097474002	0	80.0832985429	45.1876496092	127.665490516
0	-21.8097522795	64.9343753921	152.097474002	0	80.0832985429	45.1876496092	127.665490516
0	-21.8097522795	64.9343753921	151.674604969	0	80.0832985429	45.1876496092	128.110098759
0	-21.3999814795	65.1645821366	151.479674816	0	80.193770286	44.8550333822	128.219922728
0	-21.3999814795	64.9827548103	151.29784749	0	80.193770286	44.4128693598	127.777758706
0	-20.989651167	65.0226597326	151.762889309	0	80.3021453256	43.6397344159	126.562183566
0	-20.989651167	65.0226597326	151.337752412	0	80.3021453256	43.6397344159	127.004623762
0	-20.989651167	65.0226597326	151.337752412	0	80.3021453256	43.6397344159	127.004623762
0	-20.167354932	65.2724641164	152.012693693	0	80.5125940151	42.5351359515	125.457585101
0	-20.167354932	65.2724641164	152.012693693	0	80.5125940151	42.5351359515	125.457585101
0	-20.167354932	64.8796252471	152.042723857	0	80.5125940151	41.6633834386	124.141224346
0	-20.167354932	64.6798678408	151.842966451	0	80.5125940151	41.2290250868	123.706865994
0	-20.167354932	64.6798678408	151.420097417	0	80.5125940151	41.2290250868	124.151474236
0	-20.167354932	64.6798678408	151.420097417	0	80.5125940151	41.2290250868	124.151474236
0	-19.7554105088	64.8898364875	151.630066064	0	80.6146621628	40.8977619698	123.820211119
0	-19.7554105088	64.6856476215	151.848746232	0	80.6146621628	40.465469122	122.943310029
0	-19.7554105088	64.6856476215	151.425877198	0	80.6146621628	40.465469122	123.387918272
0	-18.9299829032	65.0960796392	152.259178249	0	80.812472721	39.8018544177	122.279695325
0	-18.9299829032	65.0960796392	151.836309216	0	80.812472721	39.8018544177	122.724303567
0	-18.9299829032	64.8852837674	151.200376447	0	80.812472721	39.3727445253	122.737633872
0	-18.9299829032	64.8852837674	151.200376447	0	80.812472721	39.3727445253	122.737633872
0	-18.5165213019	64.8705850262	151.610814603	0	80.9082099596	38.6135235533	121.535972703
0	-18.5165213019	64.65323175	150.96832443	0	80.9082099596	38.1876975882	121.552586935
0	-18.5165213019	64.8705850262	150.75828406	0	80.9082099596	38.6135235533	122.418673482
0	-18.5165213019	64.8705850262	150.75828406	0	80.9082099596	38.6135235533	122.418673482
0	-18.1025755776	64.8476496861	151.587879263	0	81.0018318154	37.8566104266	120.779059576
0	-18.1025755776	64.6259531257	151.366182702	0	81.0018318154	37.4330294611	120.355478611
0	-17.2732750634	65.0053774441	152.168476054	0	81.1827196427	36.7701837823	119.248024689
0	-17.2732750634	64.5468964498	152.130585174	0	81.1827196427	35.9310949916	117.962171234
0	-17.2732750634	64.5468964498	151.70999506	0	81.1827196427	35.9310949916	118.408935899
0	-16.8579419558	64.7297772095	152.313465933	0	81.2699808848	35.6005810486	117.631657291
0	-16.8579419558	64.4951917128	152.078880437	0	81.2699808848	35.1839999113	117.215076154
0	-16.8579419558	64.4951917128	151.23542129	0	81.2699808848	35.1839999113	118.106449061
0	-16.8579419558	64.4951917128	151.23542129	0	81.2699808848	35.1839999113	118.106449061
0	-16.4421680896	64.4354197279	151.598518338	0	81.3551172854	34.4395997158	116.917440623
0	-16.4421680896	64.4354197279	150.750512407	0	81.3551172854	34.4395997158	117.804489062
0	-16.0259643352	64.6106755612	151.350905138	0	81.4381266185	34.1096752787	117.032124428
0	-16.0259643352	64.6106755612	150.925768241	0	81.4381266185	34.1096752787	117.474564625
0	-15.6093415745	64.7842421183	150.671941152	0	81.5190067138	33.7788590283	117.584008957
0	-15.6093415745	64.7842421183	150.671941152	0	81.5190067138	33.7788590283	117.584008957
0	-15.6093415745	64.5390839869	150.426783021	0	81.5190067138	33.368410871	117.1735608
0	-14.774882616	64.6255213567	151.365750933	0	81.6743707884	32.3000267526	115.222475902
0	-14.3570682356	64.7898345398	151.95293315	0	81.7488507056	31.969158249	114.446999156
0	-14.3570682356	64.7898345398	151.104927219	0	81.7488507056	31.969158249	115.334047595
0	-14.3570682356	64.7898345398	150.677533574	0	81.7488507056	31.969158249	115.774308178
0	-14.3570682356	64.5342640098	150.849356689	0	81.7488507056	31.5651113416	114.930000688
0	-13.9388784829	64.6948205818	151.009913261	0	81.8211932609	31.2347190667	114.599608413
0	-13.5203242918	64.5919474573	151.332177034	0	81.891396563	30.5034310244	113.425880174
0	-13.1014166054	64.7470746415	151.487304218	0	81.9594587765	30.1727576788	113.095206829
0	-13.1014166054	64.7470746415	151.062167321	0	81.9594587765	30.1727576788	113.537647025
0	-13.1014166054	64.213414432	150.953644009	0	81.9594587765	29.379358913	112.301808063
0	-12.6821663765	64.3627989064	151.103028483	0	82.0253781217	29.050635795	111.973084945
0	-12.2625845663	64.2366131861	151.399711796	0	82.0891528751	28.3292910521	110.807131959
0	-12.2625845663	63.9607256797	151.12382429	0	82.0891528751	27.9388345461	110.416675453
0	-12.2625845663	63.9607256797	151.12382429	0	82.0891528751	27.9388345461	110.416675453
0	-12.2625845663	64.2366131861	150.551705866	0	82.0891528751	28.3292910521	111.694180398
0	-11.0019593923	64.6636044244	152.247293148	0	82.2675931915	27.3406193782	109.371695621
0	-11.0019593923	64.6636044244	151.826703035	0	82.2675931915	27.3406193782	109.818460285
0	-11.0019593923	64.381760084	151.965448808	0	82.2675931915	26.9544407058	108.985516949
0	-10.1600860415	64.654039347	151.817137957	0	82.3758013717	26.2946401645	108.772481072
0	-10.1600860415	64.654039347	151.394268924	0	82.3758013717	26.2946401645	109.217089314
0	-9.73874540126	64.7876451323	151.527874709	0	82.4266755244	25.9637043483	108.886153498
0	-9.73874540126	64.4979617501	151.66106036	0	82.4266755244	25.5833706299	108.061211537
0	-9.31715013695	64.9195570144	151.659786591	0	82.4753945933	25.6320896988	108.554538849
0	-9.31715013695	64.6279326789	150.943025358	0	82.4753945933	25.2532421752	108.618131522
0	-9.31715013695	64.3343750147	150.649467694	0	82.4753945933	24.8758907514	108.240780098
0	-9.31715013695	64.3343750147	150.649467694	0	82.4753945933	24.8758907514	108.240780098
0	-8.89531127142	64.4607305626	150.775823242	0	82.5219573046	24.5466080047	107.911497351
0	-8.47323983382	64.286089357	151.026318934	0	82.5663624409	23.8438793897	106.766328539
0	-8.05094685942	64.4071686072	151.147398184	0	82.6086088411	23.5148570308	106.43730618
0	-8.05094685942	64.4071686072	151.147398184	0	82.6086088411	23.5148570308	106.43730618
0	-8.05094685942	64.7083823314	150.166442146	0	82.6086088411	23.88612579	108.129345177
0	-7.2057404699	64.6442721196	150.959364799	0	82.6866210719	22.8549765107	106.219865857
0	-7.2057404699	64.3373988658	151.077628442	0	82.6866210719	22.4883718117	105.410820961
0	-6.78284915309	64.4515464001	151.191775977	0	82.7223848627	22.1591048147	105.081553964
0	-5.93654555856	65.2978499947	154.540890944	0	82.7874231199	22.2241430719	102.446830899
0	2.54600866366	73.4697979779	169.708293649	0	82.9609416526	22.034214272	93.7151179425
0	5.08962111308	78.4456629471	176.485126939	0	82.8438033707	24.8684540708	94.0657336436
0	4.66595374782	82.2486291076	179.575330243	0	82.8687448657	30.6846621966	100.880910289
0	5.08962111308	85.9672089306	184.006672922	0	82.8438033707	35.9282858011	105.125565374
0	5.08962111308	89.1156836555	186.80004322	0	82.8438033707	41.8331850674	111.530860039
0	5.08962111308	92.1860683631	188.7898281	0	82.8438033707	48.8370558576	120.024931262
0	5.08962111308	94.2525665179	191.219064571	0	82.8438033707	54.6974152056	125.390401105
0	5.08962111308	94.2525665179	191.219064571	0	82.8438033707	54.6974152056	125.390401105
0	5.08962111308	96.0373657335	193.721725298	0	82.8438033707	61.1468508552	130.844525827
0	5.08962111308	97.3563001827	195.040659747	0	82.8438033707	67.7074255523	137.405100524
0	5.08962111308	98.2846512753	195.251149328	0	82.8438033707	75.2981852341	145.991171133
0	5.08962111308	98.5800384197	196.264397984	0	82.8438033707	81.5051952024	151.202870174
0	5.08962111308	98.3432641581	194.947023895	0	82.8438033707	89.6267274329	160.814602838
0	5.08962111308	97.686769087	195.013470222	0	82.8438033707	95.8059863313	166.002234423
0	5.08962111308	96.3177702717	192.556265943	0	82.8438033707	103.329769325	175.010672996
0	5.08962111308	94.4798521143	190.718347785	0	82.8438033707	110.259795083	181.940698753
0	5.08962111308	92.116331974	187.616760527	0	82.8438033707	117.028618665	189.689943634
0	5.08962111308	89.2411070166	184.74153557	0	82.8438033707	123.596440343	196.257765312
0	5.08962111308	85.6292911673	180.003916799	0	82.8438033707	130.337082343	204.454759296
0	5.08962111308	81.7533917774	175.747801685	0	82.8438033707	136.368715958	210.967984763
0	5.08962111308	77.7286926535	171.723102561	0	82.8438033707	141.714978709	216.314247514
0	5.08962111308	77.7286926535	171.723102561	0	82.8438033707	141.714978709	216.314247514
0	5.08962111308	73.0042021135	162.247243063	0	82.8438033707	147.107787744	227.330475571
0	4.66595374782	72.251049293	161.082725173	0	82.8687448657	147.479153162	228.157113971
0	4.66595374782	72.251049293	161.082725173	0	82.8687448657	147.479153162	228.157113971
0	5.08962111308	73.0042021135	162.656274831	0	82.8438033707	147.107787744	226.873105128
0	5.08962111308	73.0042021135	162.656274831	0	82.8438033707	147.107787744	226.873105128
0	5.08962111308	73.0042021135	162.656274831	0	82.8438033707	147.107787744	226.873105128
0	5.08962111308	73.0042021135	162.247243063	0	82.8438033707	147.107787744	227.330475571
0	5.08962111308	73.0042021135	162.247243063	0	82.8438033707	147.107787744	227.330475571
0	5.08962111308	72.6747166582	161.506392538	0	82.8438033707	147.454211667	228.132172476
0	5.08962111308	73.0042021135	162.247243063	0	82.8438033707	147.107787744	227.330475571
0	5.08962111308	72.6747166582	161.506392538	0	82.8438033707	147.454211667	228.132172476
0	5.08962111308	73.0042021135	162.247243063	0	82.8438033707	147.107787744	227.330475571
0	5.08962111308	72.6747166582	161.917757608	0	82.8438033707	147.454211667	227.676899493
0	5.08962111308	73.0042021135	162.247243063	0	82.8438033707	147.107787744	227.330475571
0	5.08962111308	72.6747166582	161.506392538	0	82.8438033707	147.454211667	228.132172476
0	5.08962111308	73.0042021135	162.247243063	0	82.8438033707	147.107787744	227.330475571
0	5.08962111308	72.6747166582	161.917757608	0	82.8438033707	147.454211667	227.676899493
0	5.08962111308	73.0042021135	162.247243063	0	82.8438033707	147.107787744	227.330475571
0	5.08962111308	73.0042021135	162.247243063	0	82.8438033707	147.107787744	227.330475571
0	5.08962111308	73.0042021135	162.247243063	0	82.8438033707	147.107787744	227.330475571
